1[[ 1.      0.1973  0.0554  0.086   0.1201 -0.0605  0.0851  0.0363  0.0403  0.017   0.0198  0.007   0.1176 -0.0832  0.0258 -0.0556  0.0396 -0.094   0.01   -0.0515  0.0992 -0.0349 -0.1523  0.0871  0.0002  0.0154 -0.0111]
2[ 0.1973  1.     -0.0235  0.107  -0.0056  0.051  -0.0974  0.1312 -0.0089  0.1149 -0.0787  0.1412 -0.079   0.1538 -0.1353  0.0351 -0.0715  0.0129 -0.1576 -0.0088 -0.0744 -0.0106  0.0685  0.0603  0.02   -0.0363  0.0005]
3[ 0.0554 -0.0235  1.      0.164   0.8368 -0.0025  0.8924 -0.0286  0.877   0.0979 *0.8852 -0.0148  0.6548 -0.615   0.8387  0.1352  0.8254 -0.0064  0.8448  0.0718  0.6828 -0.1506 -0.3455 -0.0877 -0.0762  0.5713 -0.0062]
4[ 0.086   0.107   0.164   1.      0.2698  0.7975  0.2532  0.8447  0.1062  0.8804  0.2058  0.3033  0.3161  0.2451  0.0214  0.8011 -0.0301  0.7362  0.1153  0.764   0.3408 -0.294   0.2741  0.2049 -0.0211  0.6391 -0.0007]
5[ 0.1201 -0.0056  0.8368  0.2698  1.     -0.1656  0.7352  0.1215  0.7621  0.2316  0.7206  0.0296  0.8012 -0.5804  0.6637  0.2292  0.5782  0.0685  0.6755  0.1573  0.7923 -0.133  -0.5053  0.0525 -0.0697  0.5826 -0.0111]6
6[-0.0605  0.051  -0.0025  0.7975 -0.1656  1.      0.1373  0.6783 -0.0473  0.7214  0.1104  0.2503 -0.0097  0.3899 -0.0514  0.6906 -0.041   0.6798  0.0545  0.6765  0.0337 -0.2556  0.5849  0.0692 -0.0054  0.4992  0.0063]
7[ 0.0851 -0.0974  0.8924  0.2532  0.7352  0.1373  1.     -0.0112  0.8528  0.1227 *0.8882 -0.0664  0.6869 -0.6477  0.8474  0.1726  0.7953  0.0444  0.9013  0.1346  0.6994 -0.19   -0.2817 -0.1008 -0.1023  0.6459 -0.0052]
8[ 0.0363  0.1312 -0.0286  0.8447  0.1215  0.6783 -0.0112  1.     -0.1405 *0.899* -0.0501  0.3754  0.0768  0.5149 -0.2501  0.8327 -0.2832  0.8288 -0.1953  0.8335  0.1182 -0.2333  0.3562  0.2632  0.017   0.4144 -0.0005]
9[ 0.0403 -0.0089  0.877   0.1062  0.7621 -0.0473  0.8528 -0.1405  1.     -0.0487  0.8718 -0.0765  0.6523 -0.7031  0.8778  0.0435  0.7963 -0.0952 *0.8894 -0.0255  0.6635 -0.0753 -0.3886 -0.1857 -0.1048  0.5195 -0.0018]
0[ 0.017   0.1149  0.0979  0.8804  0.2316  0.7214  0.1227  0.899  -0.0487  1.      0.0918  0.3526  0.259   0.3922 -0.1312  0.8943 -0.1671  0.8473 -0.0445  0.8566  0.2933 -0.2507  0.3368  0.3002  0.0026  0.6165 -0.0018]
1[ 0.0198 -0.0787  0.8852  0.2058  0.7206  0.1104  0.8882 -0.0501  0.8718  0.0918  1.      0.0328  0.6292 -0.6324  0.8706  0.1489  0.825   0.0164  0.9111  0.0723  0.6513 -0.171  -0.274  -0.145  -0.0842  0.5884 -0.0055]
2[ 0.007   0.1412 -0.0148  0.3033  0.0296  0.2503 -0.0664  0.3754 -0.0765  0.3526  0.0328  1.     -0.0783  0.2638 -0.1428  0.3258 -0.087   0.3598  -0.1385 0.2722 -0.0531 -0.1193  0.1859  0.082  -0.0131  0.0782 -0.0111]
3[ 0.1176 -0.079   0.6548  0.3161  0.8012 -0.0097  0.6869  0.0768  0.6523  0.259   0.6292 -0.0783  1.     -0.6721  0.6191  0.2561  0.4828  0.0737  0.6672  0.1844 (0.9748) -0.1416 -0.5691  0.1692 -0.0813  0.7642 -0.0151]
4[-0.0832  0.1538 -0.615   0.2451 -0.5804  0.3899 -0.6477  0.5149 -0.7031  0.3922 -0.6324  0.2638 -0.6721  1.     -0.754   0.3572 -0.6659  0.4896  -0.7389 0.3919 -0.6416 -0.0658  0.7186  0.0983  0.1087 -0.2604  0.0117]
5[ 0.0258 -0.1353  0.8387  0.0214  0.6637 -0.0514  0.8474 -0.2501  0.8778 -0.1312  0.8706 -0.1428  0.6191 -0.754   1.     -0.0339  0.8821 -0.21    0.9448 -0.0777  0.6313 -0.0977 -0.4112 -0.1859 -0.1101  0.4666 -0.0039]
6[-0.0556  0.0351  0.1352  0.8011  0.2292  0.6906  0.1726  0.8327  0.0435  0.8943  0.1489  0.3258  0.2561  0.3572 -0.0339  1.     -0.1241  0.884   0.0281  0.8587  0.2942 -0.2658  0.3785  0.213  -0.0072  0.6419  0.0018]
7[ 0.0396 -0.0715  0.8254 -0.0301  0.5782 -0.041   0.7953 -0.2832  0.7963 -0.1671  0.825  -0.087   0.4828 -0.6659  0.8821 -0.1241  1.     -0.2095  0.8693 -0.1568  0.5028 -0.1629 -0.3004 -0.2189 -0.0601  0.3918 -0.0032]
8[-0.094   0.0129 -0.0064  0.7362  0.0685  0.6798  0.0444  0.8288 -0.0952  0.8473  0.0164  0.3598  0.0737  0.4896 -0.21    0.884  -0.2095  1.     -0.113   0.8558  0.1171 -0.2256  0.4874  0.2024  0.0462  0.5018  0.0045]
9[ 0.01   -0.1576  0.8448  0.1153  0.6755  0.0545  0.9013 -0.1953  0.8894 -0.0445  0.9111 -0.1385  0.6672 -0.7389  0.9448  0.0281  0.8693 -0.113  1.      -0.0087  0.6682 -0.1568 -0.3188 -0.1778 -0.1039  0.5815 -0.0012]
0[-0.0515 -0.0088  0.0718  0.764   0.1573  0.6765  0.1346  0.8335 -0.0255  0.8566  0.0723  0.2722  0.1844  0.3919 -0.0777  0.8587 -0.1568  0.8558 -0.0087  1.      0.2233 -0.1837  0.3594  0.2387  0.0087  0.5403 -0.003 ]
1[ 0.0992 -0.0744  0.6828  0.3408  0.7923  0.0337  0.6994  0.1182  0.6635  0.2933  0.6513 -0.0531  0.9748 -0.6416  0.6313  0.2942  0.5028  0.1171  0.6682  0.2233  1.     -0.1432 -0.5742  0.1929 -0.0774  0.7907 -0.0152]
2[-0.0349 -0.0106 -0.1506 -0.294  -0.133  -0.2556 -0.19   -0.2333 -0.0753 -0.2507 -0.171  -0.1193 -0.1416 -0.0658 -0.0977 -0.2658 -0.1629 -0.2256 -0.1568 -0.1837 -0.1432  1.     -0.092  -0.235   0.0403 -0.2441  0.0007]
3[-0.1523  0.0685 -0.3455  0.2741 -0.5053  0.5849 -0.2817  0.3562 -0.3886  0.3368 -0.274   0.1859 -0.5691  0.7186 -0.4112  0.3785 -0.3004  0.4874 -0.3188  0.3594 -0.5742 -0.092   1.     -0.1765  0.0831  0.0365  0.0204]
4[ 0.0871  0.0603 -0.0877  0.2049  0.0525  0.0692 -0.1008  0.2632 -0.1857  0.3002 -0.145   0.082   0.1692  0.0983 -0.1859  0.213  -0.2189  0.2024 -0.1778  0.2387  0.1929 -0.235  -0.1765  1.     -0.0075  0.126  -0.0113]
5[ 0.0002  0.02   -0.0762 -0.0211 -0.0697 -0.0054 -0.1023  0.017  -0.1048  0.0026 -0.0842 -0.0131 -0.0813  0.1087 -0.1101 -0.0072 -0.0601  0.0462 -0.1039  0.0087 -0.0774  0.0403  0.0831 -0.0075  1.     -0.0422 -0.0059]
6[ 0.0154 -0.0363  0.5713  0.6391  0.5826  0.4992  0.6459  0.4144  0.5195  0.6165  0.5884  0.0782  0.7642 -0.2604  0.4666  0.6419  0.3918  0.5018  0.5815  0.5403  0.7907 -0.2441  0.0365  0.126  -0.0422  1.     -0.0039]
7[-0.0111  0.0005 -0.0062 -0.0007 -0.0111  0.0063 -0.0052 -0.0005 -0.0018 -0.0018 -0.0055 -0.0111 -0.0151  0.0117 -0.0039  0.0018 -0.0032  0.0045 -0.0012 -0.003  -0.0152  0.0007  0.0204 -0.0113 -0.0059 -0.0039  1.    ]]
      1     2        3      4       5        6       7      8        9       10     11      12      13      14      15      16       17     18      19      20      21     22        23     24      25     26      27  